[[55.774486, 37.642252],
 [55.774394, 37.642502],
 [55.774341, 37.642618],
 [55.774335, 37.642631],
 [55.774298, 37.642712],
 [55.774234, 37.642865],
 [55.774166, 37.643011],
 [55.774081, 37.643196],
 [55.774047, 37.643272],
 [55.773946, 37.643519],
 [55.77385, 37.643754],
 [55.773802, 37.643869],
 [55.773625, 37.644142],
 [55.77357, 37.644228],
 [55.7735, 37.644336],
 [55.773226, 37.644759],
 [55.773124, 37.644916],
 [55.773043, 37.645064],
 [55.773001, 37.645139],
 [55.772757, 37.645796],
 [55.772685, 37.646007],
 [55.772603, 37.646251],
 [55.772512, 37.646522],
 [55.77175, 37.645456],
 [55.771294, 37.644811],
 [55.771139, 37.644593],
 [55.770903, 37.644262],
 [55.770426, 37.643638],
 [55.770281, 37.643454],
 [55.770118, 37.643245],
 [55.769903, 37.642971],
 [55.769674, 37.642635],
 [55.769583, 37.642509],
 [55.769493, 37.642696],
 [55.769521, 37.642742],
 [55.769825, 37.643226],
 [55.770211, 37.64372],
 [55.770349, 37.643909],
 [55.770775, 37.64449],
 [55.771054, 37.64487],
 [55.771191, 37.645055],
 [55.771396, 37.645334],
 [55.772348, 37.646628],
 [55.772424, 37.646736],
 [55.772478, 37.646812],
 [55.773239, 37.647907],
 [55.773456, 37.648251],
 [55.773587, 37.648493],
 [55.773722, 37.648859],
 [55.773905, 37.64945],
 [55.77419, 37.650384],
 [55.77427, 37.65064],
 [55.774618, 37.651745],
 [55.77464, 37.651856],
 [55.774644, 37.651993],
 [55.774621, 37.652095],
 [55.77443, 37.652262],
 [55.77434, 37.652336],
 [55.774063, 37.652606],
 [55.774041, 37.6527],
 [55.774036, 37.652759],
 [55.774033, 37.652834],
 [55.774036, 37.652994],
 [55.774052, 37.653145],
 [55.774077, 37.653288],
 [55.77415, 37.653714],
 [55.774189, 37.653863],
 [55.77424, 37.65401],
 [55.774284, 37.654078],
 [55.774325, 37.654141],
 [55.774413, 37.654276],
 [55.774471, 37.654408],
 [55.775139, 37.656218],
 [55.775292, 37.656655],
 [55.775389, 37.656939],
 [55.775565, 37.657447],
 [55.775724, 37.657906],
 [55.775869, 37.658269],
 [55.77594, 37.658429],
 [55.775997, 37.658558],
 [55.776411, 37.659458],
 [55.776893, 37.660509],
 [55.777024, 37.660794],
 [55.777932, 37.662803],
 [55.778388, 37.663871],
 [55.778409, 37.663924],
 [55.779012, 37.665396],
 [55.779197, 37.665827],
 [55.7794, 37.666303],
 [55.779593, 37.666661],
 [55.780466, 37.668462],
 [55.781036, 37.669607],
 [55.781213, 37.669915],
 [55.781373, 37.670194],
 [55.781504, 37.670422],
 [55.781716, 37.67079],
 [55.782506, 37.672163],
 [55.782893, 37.672837],
 [55.782983, 37.672993],
 [55.783678, 37.674176],
 [55.78413, 37.674924],
 [55.784279, 37.675112],
 [55.784406, 37.675248],
 [55.784482, 37.675314],
 [55.784579, 37.675386],
 [55.78479, 37.675528],
 [55.785063, 37.675707],
 [55.785235, 37.675872],
 [55.785451, 37.676124],
 [55.785643, 37.676342],
 [55.78576, 37.676481],
 [55.785776, 37.676498],
 [55.785823, 37.676565],
 [55.786003, 37.676798],
 [55.786003, 37.676799],
 [55.786215, 37.677076],
 [55.787885, 37.679195],
 [55.788353, 37.679789],
 [55.78839, 37.679837],
 [55.788679, 37.680192],
 [55.78893, 37.68053],
 [55.789089, 37.680805],
 [55.789136, 37.680887],
 [55.789255, 37.681149],
 [55.789407, 37.681478],
 [55.789674, 37.68214],
 [55.790247, 37.683769],
 [55.791336, 37.68656],
 [55.79154, 37.687082],
 [55.791643, 37.687353],
 [55.79297, 37.690771],
 [55.793189, 37.691484],
 [55.793274, 37.691758],
 [55.793422, 37.692453],
 [55.793549, 37.693046],
 [55.793668, 37.693975],
 [55.793688, 37.694125],
 [55.793786, 37.694871],
 [55.794306, 37.698828],
 [55.794357, 37.69924],
 [55.794389, 37.699501],
 [55.794526, 37.700605],
 [55.794612, 37.701286],
 [55.794632, 37.701446],
 [55.79491, 37.703649],
 [55.79505, 37.704666],
 [55.795074, 37.704855],
 [55.795142, 37.705377],
 [55.795155, 37.705466],
 [55.795081, 37.705499],
 [55.794414, 37.70579]]